Replication of Study: Steady-State Performance and Warmup Estimation using PELT
--------------------------------------------------------------

Benchmark File: apache__arrow#org.apache.arrow.adapter.jdbc.JdbcAdapterBenchmarks.consumeBenchmark#.json
Developer-defined Warmup Iterations: 0
Detected Changepoints (Significant Shifts in Performance): [4, 7, 10, 13, 17, 22, 25, 29, 34, 39, 42, 45, 48, 51, 58, 63, 80, 87, 90, 93, 96, 103, 106, 125, 133, 138, 142, 145, 149, 152, 170, 175, 181, 188, 201, 204, 217, 220, 228, 232, 235, 243, 246, 249, 252, 255, 259, 262, 265, 268, 273, 277, 280, 283, 288, 292, 297, 302, 305, 308, 311, 316, 321, 324, 327, 330, 334, 337, 341, 344, 347, 351, 354, 357, 360, 363, 368, 373, 377, 380, 383, 386, 389, 393, 396, 400, 403, 406, 409, 414, 417, 420, 424, 427, 431, 435, 438, 441, 445, 452, 455, 459, 462, 466, 470, 475, 478, 482, 487, 490, 493, 497, 501, 506, 510, 515, 518, 522, 526, 529, 532, 535, 539, 545, 549, 553, 559, 562, 566, 569, 574, 579, 582, 585, 590, 593, 597, 602, 605, 609, 613, 618, 621, 625, 630, 633, 636, 639, 642, 645, 648, 652, 655, 659, 669, 674, 677, 682, 685, 691, 695, 699, 703, 707, 710, 715, 718, 724, 727, 730, 737, 740, 750, 757, 760, 763, 766, 769, 775, 778, 782, 786, 791, 795, 798, 802, 809, 813, 816, 819, 822, 829, 834, 841, 844, 847, 850, 853, 856, 861, 864, 868, 871, 876, 879, 883, 886, 889, 892, 897, 900, 905, 908, 911, 915, 919, 923, 928, 933, 936, 939, 942, 945, 948, 953, 957, 960, 966, 974, 977, 980, 983, 987, 992, 995, 1000, 1003, 1007, 1010, 1013, 1016, 1020, 1023, 1026, 1031, 1034, 1037, 1040, 1043, 1046, 1050, 1054, 1058, 1061, 1065, 1068, 1072, 1076, 1079, 1082, 1085, 1090, 1093, 1098, 1101, 1104, 1109, 1112, 1116, 1119, 1123, 1126, 1132, 1135, 1138, 1141, 1148, 1152, 1157, 1162, 1165, 1168, 1171, 1174, 1177, 1183, 1186, 1191, 1194, 1197, 1201, 1204, 1210, 1213, 1217, 1220, 1230, 1235, 1240, 1243, 1249, 1252, 1255, 1260, 1263, 1266, 1272, 1277, 1280, 1284, 1287, 1290, 1295, 1300, 1303, 1308, 1311, 1315, 1319, 1322, 1325, 1328, 1331, 1334, 1339, 1343, 1346, 1351, 1355, 1358, 1361, 1368, 1373, 1377, 1380, 1383, 1386, 1389, 1392, 1396, 1399, 1404, 1407, 1411, 1414, 1417, 1421, 1424, 1427, 1437, 1441, 1444, 1448, 1453, 1456, 1460, 1464, 1467, 1472, 1476, 1480, 1483, 1486, 1491, 1495, 1500, 1505, 1510, 1514, 1517, 1520, 1524, 1531, 1534, 1538, 1542, 1545, 1548, 1552, 1555, 1558, 1561, 1565, 1570, 1574, 1577, 1580, 1583, 1588, 1591, 1596, 1599, 1602, 1605, 1610, 1613, 1617, 1620, 1623, 1626, 1629, 1634, 1638, 1643, 1646, 1654, 1659, 1663, 1666, 1672, 1675, 1678, 1682, 1685, 1688, 1692, 1695, 1698, 1701, 1704, 1707, 1710, 1717, 1720, 1725, 1729, 1732, 1735, 1740, 1743, 1747, 1750, 1756, 1760, 1764, 1767, 1770, 1777, 1784, 1788, 1792, 1795, 1798, 1801, 1804, 1807, 1810, 1816, 1819, 1822, 1826, 1830, 1833, 1838, 1846, 1849, 1852, 1855, 1858, 1862, 1865, 1868, 1871, 1874, 1877, 1881, 1884, 1888, 1892, 1897, 1900, 1903, 1906, 1909, 1912, 1915, 1920, 1923, 1926, 1931, 1934, 1937, 1940, 1944, 1947, 1950, 1954, 1958, 1961, 1964, 1967, 1972, 1975, 1978, 1990, 1993, 1998, 2001, 2004, 2008, 2011, 2015, 2019, 2022, 2025, 2028, 2031, 2036, 2039, 2042, 2045, 2048, 2051, 2054, 2057, 2066, 2074, 2078, 2081, 2084, 2087, 2092, 2097, 2100, 2103, 2108, 2112, 2115, 2119, 2122, 2125, 2130, 2133, 2137, 2140, 2143, 2146, 2150, 2153, 2156, 2159, 2162, 2166, 2172, 2176, 2179, 2185, 2190, 2196, 2199, 2202, 2205, 2208, 2211, 2215, 2218, 2221, 2229, 2232, 2237, 2240, 2243, 2246, 2249, 2253, 2256, 2262, 2266, 2270, 2274, 2279, 2282, 2285, 2290, 2297, 2300, 2304, 2307, 2310, 2313, 2317, 2320, 2323, 2327, 2331, 2334, 2337, 2341, 2346, 2349, 2354, 2358, 2363, 2366, 2370, 2375, 2379, 2384, 2389, 2392, 2397, 2400, 2403, 2406, 2409, 2412, 2417, 2420, 2423, 2427, 2433, 2436, 2440, 2446, 2451, 2454, 2457, 2461, 2464, 2470, 2476, 2480, 2484, 2487, 2496, 2499, 2503, 2506, 2511, 2516, 2522, 2525, 2528, 2531, 2534, 2537, 2542, 2545, 2552, 2555, 2559, 2562, 2567, 2570, 2573, 2578, 2583, 2586, 2591, 2594, 2597, 2601, 2604, 2607, 2610, 2613, 2617, 2620, 2623, 2626, 2630, 2633, 2636, 2640, 2645, 2648, 2654, 2657, 2662, 2666, 2669, 2674, 2678, 2681, 2685, 2690, 2694, 2697, 2700, 2704, 2707, 2710, 2713, 2716, 2719, 2722, 2725, 2728, 2734, 2737, 2740, 2745, 2749, 2754, 2758, 2761, 2764, 2768, 2772, 2775, 2778, 2783, 2786, 2789, 2795, 2798, 2801, 2806, 2809, 2812, 2815, 2821, 2824, 2828, 2833, 2836, 2839, 2842, 2849, 2852, 2856, 2861, 2864, 2868, 2874, 2877, 2880, 2883, 2886, 2890, 2895, 2898, 2903, 2906, 2909, 2912, 2916, 2921, 2924, 2928, 2932, 2935, 2940, 2945, 2950, 2954, 2957, 2960, 2969, 2972, 2977, 2980, 2986, 2989, 2992, 2996, 3000]
Performance plot saved to: C:\Users\dauti\Downloads\jmh\data\apache__arrow#org.apache.arrow.adapter.jdbc.JdbcAdapterBenchmarks.consumeBenchmark#.json_performance_plot_pelt.png

Benchmark File: apache__arrow#org.apache.arrow.adapter.jdbc.JdbcAdapterBenchmarks.testJdbcToArrow#.json
Developer-defined Warmup Iterations: 0
Detected Changepoints (Significant Shifts in Performance): [3, 7, 10, 13, 17, 20, 24, 27, 30, 34, 41, 45, 48, 51, 54, 57, 63, 67, 70, 76, 80, 83, 87, 94, 99, 102, 105, 108, 117, 120, 126, 129, 132, 135, 161, 164, 172, 179, 190, 195, 200, 203, 206, 209, 212, 215, 218, 221, 226, 229, 237, 241, 245, 251, 259, 262, 265, 274, 280, 288, 291, 299, 303, 306, 312, 317, 320, 326, 335, 338, 343, 347, 354, 357, 360, 363, 367, 370, 376, 379, 385, 388, 394, 399, 402, 405, 410, 413, 416, 419, 422, 425, 432, 436, 439, 453, 456, 459, 462, 466, 471, 475, 489, 494, 498, 502, 505, 510, 513, 520, 523, 526, 529, 532, 538, 549, 553, 575, 578, 588, 593, 602, 607, 610, 617, 620, 623, 628, 633, 638, 654, 672, 676, 680, 683, 690, 694, 697, 702, 706, 710, 724, 728, 734, 737, 740, 743, 764, 767, 771, 774, 777, 783, 786, 789, 793, 807, 811, 814, 817, 820, 824, 833, 838, 841, 846, 850, 854, 871, 875, 878, 881, 885, 895, 898, 915, 918, 921, 926, 944, 948, 952, 961, 966, 972, 1014, 1017, 1025, 1029, 1035, 1039, 1050, 1058, 1066, 1072, 1076, 1080, 1090, 1101, 1104, 1118, 1121, 1126, 1149, 1154, 1159, 1162, 1169, 1172, 1185, 1189, 1192, 1196, 1202, 1207, 1218, 1223, 1227, 1230, 1238, 1242, 1245, 1249, 1252, 1258, 1289, 1292, 1296, 1299, 1310, 1327, 1331, 1338, 1341, 1345, 1349, 1352, 1368, 1371, 1375, 1381, 1384, 1387, 1390, 1396, 1399, 1402, 1405, 1410, 1417, 1422, 1432, 1436, 1449, 1452, 1464, 1470, 1474, 1477, 1482, 1487, 1493, 1499, 1502, 1505, 1508, 1513, 1516, 1519, 1527, 1531, 1536, 1539, 1550, 1555, 1559, 1562, 1580, 1585, 1589, 1595, 1601, 1604, 1607, 1611, 1615, 1619, 1622, 1626, 1630, 1636, 1640, 1645, 1649, 1653, 1656, 1662, 1671, 1674, 1678, 1681, 1686, 1692, 1695, 1704, 1707, 1714, 1717, 1724, 1734, 1738, 1741, 1745, 1748, 1751, 1754, 1757, 1762, 1768, 1775, 1779, 1782, 1788, 1793, 1796, 1806, 1809, 1812, 1816, 1821, 1824, 1830, 1833, 1836, 1840, 1843, 1846, 1849, 1855, 1863, 1866, 1870, 1874, 1879, 1883, 1886, 1889, 1894, 1901, 1906, 1928, 1932, 1944, 1951, 1954, 1963, 1968, 1980, 1983, 1992, 1995, 2001, 2010, 2014, 2017, 2022, 2026, 2030, 2034, 2039, 2042, 2046, 2049, 2052, 2056, 2065, 2069, 2079, 2085, 2092, 2095, 2098, 2103, 2109, 2113, 2125, 2130, 2138, 2148, 2151, 2155, 2162, 2166, 2174, 2182, 2185, 2188, 2198, 2224, 2227, 2246, 2249, 2266, 2270, 2273, 2276, 2280, 2285, 2288, 2292, 2295, 2299, 2303, 2309, 2312, 2318, 2321, 2324, 2329, 2336, 2339, 2345, 2349, 2354, 2358, 2367, 2370, 2376, 2386, 2389, 2394, 2397, 2408, 2412, 2431, 2434, 2437, 2440, 2443, 2449, 2452, 2456, 2461, 2464, 2467, 2473, 2478, 2487, 2492, 2496, 2504, 2510, 2513, 2519, 2522, 2529, 2556, 2559, 2567, 2570, 2573, 2577, 2583, 2586, 2592, 2596, 2599, 2607, 2613, 2616, 2619, 2623, 2643, 2656, 2660, 2664, 2672, 2681, 2684, 2692, 2695, 2698, 2708, 2711, 2714, 2717, 2720, 2723, 2729, 2736, 2744, 2752, 2756, 2761, 2774, 2777, 2782, 2786, 2797, 2800, 2813, 2818, 2821, 2826, 2830, 2834, 2837, 2840, 2859, 2863, 2867, 2870, 2874, 2879, 2882, 2885, 2889, 2895, 2901, 2909, 2915, 2923, 2926, 2930, 2933, 2942, 2946, 2953, 2956, 2960, 2969, 2975, 2978, 2987, 2990, 2996, 3000]
Performance plot saved to: C:\Users\dauti\Downloads\jmh\data\apache__arrow#org.apache.arrow.adapter.jdbc.JdbcAdapterBenchmarks.testJdbcToArrow#.json_performance_plot_pelt.png

Benchmark File: apache__arrow#org.apache.arrow.algorithm.search.ParallelSearcherBenchmarks.searchBenchmark#numThreads=1.json
Developer-defined Warmup Iterations: 0
Detected Changepoints (Significant Shifts in Performance): [3, 6, 11, 14, 18, 21, 27, 33, 63, 68, 71, 74, 77, 80, 98, 101, 105, 109, 112, 122, 128, 140, 167, 170, 176, 179, 182, 185, 192, 195, 198, 206, 209, 212, 215, 218, 221, 224, 229, 234, 239, 249, 252, 255, 261, 266, 269, 273, 276, 289, 292, 296, 301, 304, 309, 314, 318, 321, 324, 327, 333, 339, 342, 351, 355, 362, 365, 369, 372, 375, 382, 386, 390, 395, 398, 401, 405, 408, 411, 414, 417, 420, 443, 449, 453, 458, 481, 568, 572, 616, 623, 626, 669, 672, 688, 761, 764, 790, 794, 825, 831, 847, 854, 857, 901, 904, 907, 910, 970, 987, 1058, 1061, 1072, 1075, 1083, 1086, 1094, 1097, 1153, 1156, 1164, 1169, 1177, 1194, 1215, 1218, 1237, 1242, 1245, 1270, 1282, 1286, 1369, 1372, 1375, 1382, 1385, 1411, 1415, 1423, 1450, 1462, 1477, 1481, 1496, 1501, 1562, 1566, 1580, 1583, 1588, 1592, 1595, 1620, 1623, 1632, 1636, 1671, 1674, 1678, 1696, 1705, 1708, 1711, 1716, 1719, 1731, 1734, 1738, 1755, 1779, 1792, 1795, 1847, 1850, 1864, 1873, 1938, 1941, 1945, 1950, 2083, 2094, 2107, 2117, 2121, 2133, 2137, 2140, 2143, 2165, 2186, 2209, 2220, 2223, 2243, 2268, 2298, 2327, 2330, 2335, 2341, 2399, 2403, 2436, 2440, 2458, 2461, 2482, 2499, 2518, 2521, 2542, 2545, 2596, 2599, 2616, 2628, 2639, 2656, 2671, 2682, 2693, 2702, 2705, 2708, 2713, 2736, 2755, 2761, 2780, 2783, 2789, 2799, 2808, 2812, 2822, 2825, 2831, 2834, 2864, 2871, 2880, 2885, 2888, 2892, 2895, 2908, 2932, 2937, 2940, 2951, 2955, 2965, 2968, 2992, 3000]
Performance plot saved to: C:\Users\dauti\Downloads\jmh\data\apache__arrow#org.apache.arrow.algorithm.search.ParallelSearcherBenchmarks.searchBenchmark#numThreads=1.json_performance_plot_pelt.png

Benchmark File: apache__arrow#org.apache.arrow.algorithm.search.ParallelSearcherBenchmarks.searchBenchmark#numThreads=5.json
Developer-defined Warmup Iterations: 0
Detected Changepoints (Significant Shifts in Performance): [3, 7, 10, 15, 21, 24, 27, 32, 43, 52, 60, 64, 67, 70, 73, 79, 82, 88, 91, 109, 123, 129, 132, 135, 138, 142, 146, 149, 152, 155, 161, 180, 183, 186, 190, 194, 197, 200, 203, 206, 209, 212, 221, 224, 227, 243, 246, 250, 254, 257, 262, 268, 275, 279, 284, 287, 300, 303, 308, 314, 335, 343, 346, 351, 354, 375, 378, 389, 393, 405, 412, 455, 493, 496, 505, 508, 513, 524, 529, 535, 538, 554, 564, 567, 572, 585, 588, 591, 607, 610, 614, 617, 625, 631, 634, 637, 645, 651, 654, 657, 662, 667, 671, 677, 680, 685, 689, 705, 709, 712, 715, 720, 723, 726, 734, 737, 741, 744, 752, 755, 759, 762, 766, 773, 778, 783, 787, 790, 821, 834, 848, 851, 856, 862, 866, 885, 888, 893, 897, 901, 905, 908, 912, 915, 918, 921, 924, 927, 931, 934, 939, 942, 946, 949, 952, 957, 960, 963, 966, 971, 983, 988, 993, 996, 1003, 1007, 1011, 1019, 1024, 1035, 1038, 1052, 1055, 1069, 1073, 1076, 1082, 1085, 1088, 1095, 1100, 1105, 1112, 1118, 1126, 1130, 1133, 1141, 1149, 1152, 1160, 1164, 1177, 1180, 1187, 1190, 1194, 1199, 1202, 1205, 1208, 1215, 1218, 1222, 1225, 1228, 1231, 1237, 1242, 1246, 1276, 1281, 1290, 1293, 1296, 1311, 1315, 1318, 1321, 1325, 1328, 1335, 1342, 1345, 1348, 1352, 1356, 1361, 1368, 1374, 1377, 1380, 1383, 1386, 1389, 1393, 1396, 1408, 1411, 1416, 1419, 1430, 1433, 1437, 1441, 1444, 1448, 1453, 1461, 1464, 1474, 1481, 1484, 1489, 1492, 1496, 1499, 1510, 1515, 1519, 1522, 1526, 1531, 1535, 1540, 1543, 1546, 1565, 1568, 1582, 1600, 1613, 1624, 1630, 1640, 1643, 1654, 1657, 1663, 1669, 1674, 1678, 1706, 1711, 1717, 1721, 1730, 1734, 1752, 1755, 1759, 1762, 1765, 1773, 1788, 1791, 1795, 1798, 1817, 1820, 1828, 1831, 1834, 1839, 1842, 1845, 1848, 1851, 1858, 1870, 1873, 1878, 1881, 1886, 1889, 1892, 1896, 1902, 1905, 1911, 1916, 1919, 1931, 1936, 1942, 1949, 1954, 1957, 1963, 1967, 1971, 1977, 1981, 1987, 1993, 1997, 2002, 2005, 2011, 2014, 2019, 2022, 2026, 2029, 2033, 2036, 2041, 2047, 2050, 2053, 2056, 2068, 2072, 2075, 2082, 2086, 2090, 2099, 2111, 2114, 2140, 2144, 2147, 2153, 2191, 2194, 2203, 2208, 2215, 2219, 2222, 2226, 2230, 2234, 2237, 2243, 2246, 2255, 2262, 2267, 2271, 2274, 2280, 2283, 2294, 2299, 2308, 2311, 2316, 2320, 2325, 2336, 2339, 2343, 2356, 2362, 2368, 2371, 2374, 2378, 2383, 2394, 2398, 2402, 2406, 2423, 2426, 2430, 2434, 2449, 2455, 2460, 2464, 2469, 2482, 2485, 2489, 2494, 2497, 2507, 2513, 2517, 2533, 2539, 2543, 2546, 2562, 2566, 2577, 2582, 2595, 2599, 2602, 2606, 2612, 2618, 2622, 2626, 2629, 2645, 2650, 2653, 2660, 2668, 2673, 2679, 2682, 2685, 2688, 2691, 2694, 2700, 2704, 2735, 2738, 2741, 2744, 2754, 2759, 2764, 2768, 2774, 2777, 2782, 2797, 2809, 2818, 2821, 2827, 2838, 2843, 2848, 2854, 2860, 2871, 2874, 2880, 2883, 2886, 2899, 2902, 2908, 2911, 2914, 2922, 2925, 2941, 2944, 2948, 2954, 2963, 2967, 2970, 2973, 2976, 2979, 2995, 3000]
Performance plot saved to: C:\Users\dauti\Downloads\jmh\data\apache__arrow#org.apache.arrow.algorithm.search.ParallelSearcherBenchmarks.searchBenchmark#numThreads=5.json_performance_plot_pelt.png

Benchmark File: apache__arrow#org.apache.arrow.memory.util.ArrowBufPointerBenchmarks.compareBenchmark#.json
Developer-defined Warmup Iterations: 0
Detected Changepoints (Significant Shifts in Performance): [3, 6, 11, 16, 20, 24, 28, 31, 36, 39, 43, 47, 50, 53, 56, 60, 63, 68, 71, 75, 79, 82, 85, 88, 91, 95, 98, 102, 105, 108, 111, 115, 118, 122, 125, 128, 136, 141, 144, 147, 150, 154, 157, 160, 163, 168, 171, 174, 177, 180, 183, 188, 191, 195, 198, 201, 205, 209, 212, 216, 219, 222, 227, 231, 236, 239, 247, 250, 253, 257, 261, 265, 269, 272, 275, 278, 284, 288, 293, 297, 301, 306, 309, 313, 318, 323, 326, 329, 332, 335, 338, 341, 344, 347, 351, 354, 358, 363, 367, 370, 373, 376, 380, 383, 386, 389, 392, 397, 400, 403, 407, 410, 414, 419, 422, 425, 428, 431, 434, 438, 441, 444, 447, 451, 455, 460, 463, 466, 470, 473, 476, 479, 484, 489, 492, 495, 498, 501, 507, 510, 514, 519, 522, 526, 530, 533, 536, 541, 544, 548, 553, 556, 560, 564, 568, 572, 576, 579, 583, 588, 592, 595, 598, 602, 607, 611, 616, 620, 623, 626, 629, 633, 637, 640, 643, 646, 650, 653, 656, 660, 663, 667, 671, 674, 677, 681, 684, 687, 691, 696, 699, 702, 705, 708, 712, 715, 719, 722, 725, 730, 733, 738, 741, 744, 747, 751, 756, 759, 762, 767, 772, 775, 779, 782, 785, 788, 791, 794, 797, 800, 803, 806, 811, 814, 819, 822, 825, 830, 833, 836, 840, 843, 847, 850, 853, 856, 859, 864, 867, 870, 873, 878, 883, 886, 889, 892, 896, 901, 904, 908, 912, 915, 918, 921, 925, 928, 932, 935, 939, 942, 945, 948, 952, 955, 958, 962, 965, 969, 972, 975, 979, 983, 986, 991, 995, 998, 1002, 1005, 1008, 1013, 1016, 1020, 1023, 1026, 1029, 1032, 1035, 1040, 1043, 1046, 1049, 1052, 1055, 1059, 1062, 1067, 1070, 1075, 1079, 1082, 1085, 1089, 1092, 1096, 1099, 1103, 1108, 1111, 1115, 1119, 1122, 1126, 1130, 1133, 1136, 1139, 1142, 1147, 1150, 1153, 1156, 1161, 1164, 1168, 1171, 1174, 1179, 1183, 1186, 1189, 1193, 1196, 1201, 1205, 1208, 1212, 1215, 1220, 1223, 1226, 1229, 1232, 1235, 1238, 1241, 1244, 1247, 1250, 1253, 1256, 1259, 1262, 1265, 1268, 1271, 1274, 1277, 1282, 1287, 1290, 1294, 1297, 1300, 1303, 1307, 1310, 1313, 1316, 1321, 1325, 1328, 1331, 1336, 1339, 1342, 1345, 1348, 1351, 1355, 1358, 1361, 1364, 1368, 1371, 1374, 1377, 1380, 1384, 1387, 1391, 1395, 1398, 1401, 1404, 1407, 1412, 1415, 1418, 1421, 1424, 1428, 1432, 1435, 1438, 1442, 1447, 1450, 1454, 1458, 1461, 1464, 1467, 1471, 1474, 1477, 1480, 1486, 1489, 1492, 1496, 1499, 1504, 1507, 1510, 1513, 1517, 1522, 1525, 1528, 1532, 1535, 1540, 1543, 1547, 1552, 1557, 1560, 1564, 1567, 1571, 1576, 1579, 1584, 1587, 1590, 1593, 1597, 1600, 1603, 1608, 1611, 1614, 1619, 1622, 1626, 1629, 1633, 1636, 1640, 1643, 1646, 1649, 1653, 1656, 1659, 1665, 1668, 1673, 1676, 1680, 1683, 1687, 1690, 1695, 1698, 1701, 1704, 1707, 1710, 1713, 1718, 1723, 1726, 1730, 1733, 1737, 1740, 1744, 1747, 1750, 1753, 1756, 1761, 1766, 1771, 1774, 1778, 1782, 1787, 1792, 1796, 1800, 1805, 1808, 1811, 1815, 1819, 1823, 1826, 1829, 1832, 1836, 1839, 1842, 1846, 1849, 1852, 1857, 1860, 1864, 1867, 1870, 1874, 1877, 1880, 1883, 1886, 1889, 1892, 1896, 1899, 1902, 1907, 1911, 1914, 1919, 1923, 1927, 1931, 1934, 1937, 1940, 1943, 1948, 1952, 1955, 1959, 1964, 1967, 1971, 1974, 1977, 1980, 1984, 1987, 1990, 1993, 1996, 2001, 2004, 2008, 2012, 2015, 2018, 2022, 2025, 2028, 2032, 2035, 2038, 2041, 2046, 2049, 2052, 2055, 2058, 2062, 2065, 2069, 2072, 2076, 2079, 2084, 2088, 2091, 2094, 2097, 2100, 2103, 2106, 2110, 2114, 2118, 2121, 2126, 2129, 2132, 2135, 2138, 2142, 2145, 2148, 2152, 2155, 2158, 2161, 2165, 2168, 2172, 2175, 2178, 2181, 2184, 2187, 2192, 2196, 2199, 2203, 2207, 2211, 2215, 2218, 2223, 2227, 2230, 2233, 2237, 2240, 2243, 2247, 2250, 2253, 2257, 2260, 2263, 2267, 2270, 2274, 2277, 2281, 2284, 2289, 2292, 2297, 2300, 2303, 2306, 2309, 2312, 2316, 2319, 2322, 2326, 2329, 2332, 2337, 2340, 2343, 2346, 2349, 2352, 2355, 2358, 2361, 2364, 2367, 2372, 2375, 2379, 2383, 2387, 2390, 2393, 2396, 2399, 2403, 2407, 2412, 2415, 2418, 2421, 2425, 2428, 2433, 2436, 2439, 2442, 2445, 2448, 2453, 2456, 2461, 2465, 2468, 2473, 2477, 2480, 2484, 2489, 2493, 2496, 2500, 2503, 2506, 2509, 2512, 2515, 2518, 2523, 2526, 2529, 2533, 2537, 2540, 2543, 2547, 2550, 2554, 2557, 2560, 2563, 2566, 2571, 2574, 2579, 2583, 2586, 2590, 2594, 2598, 2601, 2606, 2611, 2614, 2617, 2620, 2623, 2626, 2630, 2633, 2638, 2641, 2646, 2650, 2653, 2656, 2660, 2664, 2667, 2671, 2674, 2677, 2680, 2683, 2686, 2689, 2692, 2696, 2701, 2705, 2709, 2714, 2717, 2720, 2724, 2727, 2730, 2734, 2737, 2740, 2744, 2747, 2751, 2754, 2758, 2761, 2764, 2767, 2772, 2775, 2778, 2781, 2784, 2787, 2791, 2795, 2798, 2802, 2805, 2810, 2815, 2818, 2822, 2826, 2829, 2832, 2835, 2838, 2841, 2844, 2847, 2850, 2853, 2856, 2859, 2862, 2865, 2868, 2871, 2874, 2877, 2880, 2884, 2887, 2890, 2893, 2897, 2902, 2907, 2912, 2915, 2918, 2921, 2926, 2931, 2934, 2938, 2942, 2946, 2949, 2952, 2956, 2960, 2963, 2966, 2969, 2972, 2975, 2978, 2981, 2984, 2987, 2990, 2993, 2997, 3000]
Performance plot saved to: C:\Users\dauti\Downloads\jmh\data\apache__arrow#org.apache.arrow.memory.util.ArrowBufPointerBenchmarks.compareBenchmark#.json_performance_plot_pelt.png

End of Replication Study using PELT
